0.0982407382342414 0.08382134875732776 0.22363889565643716 0.08382134875732776 0.11919607542357331 0.08382134875732776 0.22363889565643716 0.08382134875732776 
0.13510693792383935 0.009139280125195619 0.3309337506520605 0.007407407407407408 0.1625247782994262 0.016546687532603025 0.30524778299426186 0.03309337506520605 
0.17684187573751986 0.049912780257554766 0.11562772561695141 0.13225078241239543 0.22757554768867683 0.03743458519316608 0.10232863885896054 0.15802806423477503 
0.1838026849535801 0.0894433358627732 0.126271980364052 0.08940352060556662 0.20595964138163625 0.07453275624631124 0.1451439438651715 0.08544213672090911 
0.08099628521609312 0.021052386034278652 0.3024982942318795 0.01648617598861655 0.23893000227435746 0.01648617598861655 0.17018317325355584 0.15336750701260227 
0.2197707411190557 0.06699878740091632 0.13769590245048555 0.07733634392416178 0.216167191329817 0.049360149892379336 0.18719782090568607 0.04547306297749822 
0.14679738562091504 0.06895424836601306 0.16104575163398693 0.12542483660130718 0.1423529411764706 0.07339869281045752 0.1715032679738562 0.11052287581699345 
0.1783828112186321 0.0 0.19282160625444209 0.1435842764200973 0.1488054234322891 0.014865234268219342 0.20753375977256575 0.1140068886337543 
0.10588404707536885 0.11885913483207004 0.15379350198329209 0.09458461204712025 0.15964145519966635 0.10087392022322088 0.15379350198329209 0.11256982665596942 
0.12811011410213802 0.07377534064473247 0.17235072560097486 0.10572061592998781 0.1681965215464717 0.06933089620028803 0.15614932978841253 0.12636645618699457 
